Author: Miaoyu Yang
Class Card defines the card
Class Hand defines the hand for player and dealer
Class Deck defines the deck of the card
Function deal initialize the game and deal the Card to both player and dealer.
Function hit deal another Card to player and check the result
Function stand check the player's Hand and deal the card for dealer as specified in the rule
Function check_blackjack check if the player has BlackJack after the initial deal and stand in this case
Function hitme check the table and deciside whether the player should hit or stand
Function sim run the games repeatedly and update the table according to result of each game
Function play run the game for given number of times with the table generated from sim and output the statistics

1000000 times Simulation and 100000 times play Result:
Decision Table
{(4, 2): [49, -3], (4, 3): [140, -2], (4, 4): [217, -1], (4, 5): [0, 129], (4, 6): [-5, 101], (4, 7): [88, -2], (4, 8): [52, -1], (4, 9): [-35, -43], (4, 10): [-170, -173], (4, 11): [-109, -109], (5, 2): [-2, 27], (5, 3): [207, -3], (5, 4): [405, -8], (5, 5): [426, -3], (5, 6): [-3, 336], (5, 7): [126, -8], (5, 8): [49, -1], (5, 9): [-43, -43], (5, 10): [-563, -564], (5, 11): [-240, -241], (6, 2): [-8, 46], (6, 3): [383, -1], (6, 4): [-1, 332], (6, 5): [-5, 563], (6, 6): [449, -2], (6, 7): [147, -6], (6, 8): [67, -22], (6, 9): [-116, -112], (6, 10): [-672, -679], (6, 11): [-404, -403], (7, 2): [-2, 112], (7, 3): [516, -1], (7, 4): [-2, 465], (7, 5): [712, -6], (7, 6): [830, -3], (7, 7): [210, -5], (7, 8): [-15, -21], (7, 9): [-207, -182], (7, 10): [-1079, -1080], (7, 11): [-514, -517], (8, 2): [679, -1], (8, 3): [893, -1], (8, 4): [1206, 0], (8, 5): [-1, 645], (8, 6): [1054, 0], (8, 7): [1092, 0], (8, 8): [398, -8], (8, 9): [4, -74], (8, 10): [-898, -914], (8, 11): [-567, -571], (9, 2): [1364, 0], (9, 3): [1755, -3], (9, 4): [1714, 0], (9, 5): [2110, -2], (9, 6): [1912, 0], (9, 7): [1998, 0], (9, 8): [1538, -1], (9, 9): [559, -8], (9, 10): [-291, -368], (9, 11): [-586, -586], (10, 2): [2138, 0], (10, 3): [2552, 0], (10, 4): [2578, -1], (10, 5): [-2, 1213], (10, 6): [0, 1053], (10, 7): [2775, 0], (10, 8): [2408, -3], (10, 9): [1925, -2], (10, 10): [2713, -5], (10, 11): [-235, -246], (11, 2): [3259, -1], (11, 3): [3686, -1], (11, 4): [3642, -1], (11, 5): [3938, -2], (11, 6): [-1, 1277], (11, 7): [3596, -2], (11, 8): [2915, -5], (11, 9): [2440, 0], (11, 10): [6916, -1], (11, 11): [171, -30], (12, 2): [576, -14], (12, 3): [0, 1135], (12, 4): [1226, -7], (12, 5): [-1, 2558], (12, 6): [1531, -1], (12, 7): [561, -9], (12, 8): [-50, -107], (12, 9): [-828, -843], (12, 10): [-5132, -5132], (12, 11): [-2283, -2287], (13, 2): [-27, 519], (13, 3): [-11, 1018], (13, 4): [-11, 2400], (13, 5): [-1, 2519], (13, 6): [-1, 2371], (13, 7): [226, -14], (13, 8): [-922, -921], (13, 9): [-1010, -1012], (13, 10): [-5668, -5678], (13, 11): [-2451, -2451], (14, 2): [-1, 573], (14, 3): [-6, 1199], (14, 4): [0, 1739], (14, 5): [-1, 2481], (14, 6): [-5, 2209], (14, 7): [-663, -661], (14, 8): [-746, -746], (14, 9): [-1249, -1249], (14, 10): [-6307, -6305], (14, 11): [-2578, -2580], (15, 2): [-12, 613], (15, 3): [-4, 1211], (15, 4): [-1, 1847], (15, 5): [0, 2205], (15, 6): [-14, 2068], (15, 7): [-568, -574], (15, 8): [-1233, -1231], (15, 9): [-1262, -1265], (15, 10): [-6832, -6831], (15, 11): [-2602, -2602], (16, 2): [-30, 472], (16, 3): [0, 1115], (16, 4): [-2, 1677], (16, 5): [-2, 2014], (16, 6): [-1, 1820], (16, 7): [-795, -800], (16, 8): [-1218, -1219], (16, 9): [-1363, -1361], (16, 10): [-6695, -6698], (16, 11): [-2688, -2691], (17, 2): [-10, 546], (17, 3): [-9, 943], (17, 4): [-7, 1619], (17, 5): [-1, 2028], (17, 6): [-1, 1838], (17, 7): [-934, -934], (17, 8): [-1343, -1350], (17, 9): [-1491, -1496], (17, 10): [-6992, -6990], (17, 11): [-2740, -2740], (18, 2): [-5, 3807], (18, 3): [-8, 3733], (18, 4): [0, 4408], (18, 5): [-1, 3785], (18, 6): [-4, 4990], (18, 7): [0, 9476], (18, 8): [-4, 950], (18, 9): [-19, 287], (18, 10): [-617, -596], (18, 11): [-1598, -1595], (19, 2): [-1, 6163], (19, 3): [0, 5880], (19, 4): [0, 6618], (19, 5): [0, 6252], (19, 6): [0, 7017], (19, 7): [-1, 13066], (19, 8): [0, 11185], (19, 9): [-6, 2985], (19, 10): [-6, 11067], (19, 11): [-16, 1091], (20, 2): [0, 13223], (20, 3): [-1, 12698], (20, 4): [-2, 13531], (20, 5): [0, 11657], (20, 6): [-1, 12559], (20, 7): [0, 20749], (20, 8): [0, 20028], (20, 9): [0, 17381], (20, 10): [-2, 31215], (20, 11): [-2, 6132], (21, 2): [-1, 9981], (21, 3): [0, 9257], (21, 4): [-1, 10032], (21, 5): [-1, 8843], (21, 6): [1, 7742], (21, 7): [0, 16019], (21, 8): [-1, 15383], (21, 9): [0, 14398], (21, 10): [0, 51154], (21, 11): [-1, 6063]}
Final Score is -15392
Player Wins 42304 times
Winning Percentage is 42.304%



100000 times Simulation and 100000 times play Result:
Decision Table
{(4, 2): [-4, -1], (4, 3): [7, -2], (4, 4): [16, -3], (4, 5): [-1, 22], (4, 6): [24, 0], (4, 7): [-1, -6], (4, 8): [2, -3], (4, 9): [8, -1], (4, 10): [-9, -15], (4, 11): [-12, -12], (5, 2): [-3, 8], (5, 3): [8, -3], (5, 4): [45, 0], (5, 5): [52, 0], (5, 6): [-2, 10], (5, 7): [-5, -3], (5, 8): [27, -3], (5, 9): [-12, -15], (5, 10): [-29, -35], (5, 11): [-30, -29], (6, 2): [-1, 38], (6, 3): [14, -3], (6, 4): [0, 31], (6, 5): [-1, 62], (6, 6): [-1, 28], (6, 7): [11, -2], (6, 8): [12, -1], (6, 9): [-16, -21], (6, 10): [-87, -87], (6, 11): [-33, -32], (7, 2): [-1, 23], (7, 3): [0, 22], (7, 4): [57, 0], (7, 5): [-4, 48], (7, 6): [75, -1], (7, 7): [29, -2], (7, 8): [0, -14], (7, 9): [-30, -42], (7, 10): [-152, -159], (7, 11): [-51, -54], (8, 2): [48, -3], (8, 3): [-1, 16], (8, 4): [123, -3], (8, 5): [111, 0], (8, 6): [59, -2], (8, 7): [82, -3], (8, 8): [14, -3], (8, 9): [10, -4], (8, 10): [-71, -74], (8, 11): [-50, -46], (9, 2): [-1, 33], (9, 3): [-3, 38], (9, 4): [0, 123], (9, 5): [0, 121], (9, 6): [205, 0], (9, 7): [210, -3], (9, 8): [81, -4], (9, 9): [74, -6], (9, 10): [23, -5], (9, 11): [-72, -70], (10, 2): [212, -2], (10, 3): [191, -1], (10, 4): [238, 0], (10, 5): [281, -2], (10, 6): [276, -2], (10, 7): [236, -1], (10, 8): [221, -4], (10, 9): [215, -2], (10, 10): [315, -3], (10, 11): [-63, -70], (11, 2): [0, 68], (11, 3): [340, 0], (11, 4): [329, -2], (11, 5): [-1, 59], (11, 6): [-2, 145], (11, 7): [322, -1], (11, 8): [240, -6], (11, 9): [231, -3], (11, 10): [674, -13], (11, 11): [83, -3], (12, 2): [71, -5], (12, 3): [86, -1], (12, 4): [1, 162], (12, 5): [0, 302], (12, 6): [139, -3], (12, 7): [26, -9], (12, 8): [-38, -53], (12, 9): [-98, -105], (12, 10): [-506, -507], (12, 11): [-228, -228], (13, 2): [-10, 39], (13, 3): [-1, 81], (13, 4): [-10, 150], (13, 5): [-3, 244], (13, 6): [59, -2], (13, 7): [-12, -30], (13, 8): [-74, -74], (13, 9): [-78, -71], (13, 10): [-543, -543], (13, 11): [-248, -248], (14, 2): [-37, -36], (14, 3): [-6, 78], (14, 4): [-3, 180], (14, 5): [-1, 239], (14, 6): [22, -7], (14, 7): [-71, -72], (14, 8): [-50, -50], (14, 9): [-98, -101], (14, 10): [-664, -666], (14, 11): [-288, -288], (15, 2): [-1, 70], (15, 3): [-7, 129], (15, 4): [-2, 260], (15, 5): [-2, 145], (15, 6): [0, 242], (15, 7): [-98, -98], (15, 8): [-123, -124], (15, 9): [-144, -140], (15, 10): [-630, -628], (15, 11): [-266, -265], (16, 2): [-10, 6], (16, 3): [0, 103], (16, 4): [-7, 134], (16, 5): [-3, 156], (16, 6): [-1, 173], (16, 7): [-99, -99], (16, 8): [-129, -126], (16, 9): [-130, -128], (16, 10): [-661, -663], (16, 11): [-240, -240], (17, 2): [-23, 2], (17, 3): [-1, 76], (17, 4): [-7, 152], (17, 5): [0, 125], (17, 6): [-2, 243], (17, 7): [-94, -93], (17, 8): [-94, -100], (17, 9): [-129, -126], (17, 10): [-679, -673], (17, 11): [-276, -277], (18, 2): [-4, 325], (18, 3): [-1, 407], (18, 4): [-4, 364], (18, 5): [-1, 389], (18, 6): [-1, 629], (18, 7): [-1, 803], (18, 8): [-40, 50], (18, 9): [-5, 43], (18, 10): [-58, 2], (18, 11): [-159, -162], (19, 2): [-3, 513], (19, 3): [-2, 499], (19, 4): [-1, 575], (19, 5): [-1, 532], (19, 6): [-1, 904], (19, 7): [0, 1203], (19, 8): [-1, 1064], (19, 9): [-1, 213], (19, 10): [-5, 1016], (19, 11): [-4, 93], (20, 2): [-1, 1177], (20, 3): [0, 1263], (20, 4): [-1, 1227], (20, 5): [-1, 1373], (20, 6): [0, 1538], (20, 7): [0, 2000], (20, 8): [-1, 1948], (20, 9): [0, 1723], (20, 10): [-1, 3284], (20, 11): [-2, 658], (21, 2): [-1, 831], (21, 3): [0, 1060], (21, 4): [0, 955], (21, 5): [0, 718], (21, 6): [-1, 1019], (21, 7): [0, 1438], (21, 8): [-1, 1460], (21, 9): [-1, 1436], (21, 10): [0, 5079], (21, 11): [-1, 616]}
Final Score is -16826
Player Wins 41587 times
Winning Percentage is 41.587%